[0.4999971  0.49999716 0.49999722 0.49999728 0.49999733 0.49999739
 0.49999745 0.49999751 0.49999757 0.49999762 0.49999768 0.49999774
 0.4999978  0.49999786 0.49999791 0.49999797 0.49999803 0.49999809
 0.49999815 0.4999982  0.49999826 0.49999832 0.49999838 0.49999844
 0.49999849 0.49999855 0.49999861 0.49999867 0.49999873 0.49999878
 0.49999884 0.4999989  0.49999896 0.49999902 0.49999907 0.49999913
 0.49999919 0.49999925 0.4999993  0.49999936 0.49999942 0.49999948
 0.49999954 0.49999959 0.49999965 0.49999971 0.49999977 0.49999983
 0.49999988 0.49999994 0.5        0.50000006 0.50000012 0.50000017
 0.50000023 0.50000029 0.50000035 0.50000041 0.50000046 0.50000052
 0.50000058 0.50000064 0.5000007  0.50000075 0.50000081 0.50000087
 0.50000093 0.50000098 0.50000104 0.5000011  0.50000116 0.50000122
 0.50000127 0.50000133 0.50000139 0.50000145 0.50000151 0.50000156
 0.50000162 0.50000168 0.50000174 0.5000018  0.50000185 0.50000191
 0.50000197 0.50000203 0.50000209 0.50000214 0.5000022  0.50000226
 0.50000232 0.50000238 0.50000243 0.50000249 0.50000255 0.50000261
 0.50000267 0.50000272 0.50000278 0.50000284]