[1.14285714e+19 1.14285714e+19 1.14285714e+19 1.14285714e+19
 1.14285714e+19 1.14285714e+19 1.14285714e+19 1.14285714e+19
 1.14285714e+19 1.14285714e+19 1.14285714e+19 1.14285714e+19
 1.14285714e+19 1.14285714e+19 1.14285714e+19 1.14285714e+19
 1.14285714e+19 1.14285714e+19 1.14285714e+19 1.14285714e+19
 1.14285714e+19 1.14285714e+19 1.14285714e+19 1.14285714e+19
 1.14285714e+19 1.14285714e+19 1.14285714e+19 1.14285714e+19
 1.14285714e+19 1.14285714e+19 1.14285714e+19 1.14285714e+19
 1.14285714e+19 1.14285714e+19 1.14285714e+19 1.14285714e+19
 1.14285714e+19 1.14285714e+19 1.14285714e+19 1.14285714e+19
 1.14285714e+19 1.14285714e+19 1.14285714e+19 1.14285714e+19
 1.14285714e+19 1.14285714e+19 1.14285714e+19 1.14285714e+19
 1.14285714e+19 1.14285714e+19 1.14285714e+19 1.14285714e+19
 1.14285714e+19 1.14285714e+19 1.14285714e+19 1.14285714e+19
 1.14285714e+19 1.14285714e+19 1.14285714e+19 1.14285714e+19
 1.14285714e+19 1.14285714e+19 1.14285714e+19 1.14285714e+19
 1.14285714e+19 1.14285714e+19 1.14285714e+19 1.14285714e+19
 1.14285714e+19 1.14285714e+19 1.14285714e+19 1.14285714e+19
 1.14285714e+19 1.14285714e+19 1.14285714e+19 1.14285714e+19
 1.14285714e+19 1.14285714e+19 1.14285714e+19 1.14285714e+19
 1.14285714e+19 1.14285714e+19 1.14285714e+19 1.14285714e+19
 1.14285714e+19 1.14285714e+19 1.14285714e+19 1.14285714e+19
 1.14285714e+19 1.14285714e+19 1.14285714e+19 1.14285714e+19
 1.14285714e+19 1.14285714e+19 1.14285714e+19 1.14285714e+19
 1.14285714e+19 1.14285714e+19 1.14285714e+19 1.14285714e+19]