[1.49998001e-13 1.49998043e-13 1.49998084e-13 1.49998126e-13
 1.49998168e-13 1.49998209e-13 1.49998251e-13 1.49998293e-13
 1.49998335e-13 1.49998376e-13 1.49998418e-13 1.49998460e-13
 1.49998501e-13 1.49998543e-13 1.49998585e-13 1.49998627e-13
 1.49998668e-13 1.49998710e-13 1.49998752e-13 1.49998794e-13
 1.49998835e-13 1.49998877e-13 1.49998919e-13 1.49998960e-13
 1.49999002e-13 1.49999044e-13 1.49999086e-13 1.49999127e-13
 1.49999169e-13 1.49999211e-13 1.49999252e-13 1.49999294e-13
 1.49999336e-13 1.49999378e-13 1.49999419e-13 1.49999461e-13
 1.49999503e-13 1.49999544e-13 1.49999586e-13 1.49999628e-13
 1.49999670e-13 1.49999711e-13 1.49999753e-13 1.49999795e-13
 1.49999836e-13 1.49999878e-13 1.49999920e-13 1.49999962e-13
 1.50000003e-13 1.50000045e-13 1.50000087e-13 1.50000128e-13
 1.50000170e-13 1.50000212e-13 1.50000254e-13 1.50000295e-13
 1.50000337e-13 1.50000379e-13 1.50000420e-13 1.50000462e-13
 1.50000504e-13 1.50000546e-13 1.50000587e-13 1.50000629e-13
 1.50000671e-13 1.50000712e-13 1.50000754e-13 1.50000796e-13
 1.50000838e-13 1.50000879e-13 1.50000921e-13 1.50000963e-13
 1.50001004e-13 1.50001046e-13 1.50001088e-13 1.50001130e-13
 1.50001171e-13 1.50001213e-13 1.50001255e-13 1.50001296e-13
 1.50001338e-13 1.50001380e-13 1.50001422e-13 1.50001463e-13
 1.50001505e-13 1.50001547e-13 1.50001588e-13 1.50001630e-13
 1.50001672e-13 1.50001714e-13 1.50001755e-13 1.50001797e-13
 1.50001839e-13 1.50001880e-13 1.50001922e-13 1.50001964e-13
 1.50002006e-13 1.50002047e-13 1.50002089e-13 1.50002131e-13]