-6.283185307179586232e+00 -6.283185307179586232e+00
-5.621797380108050746e+00 -6.283185307179586232e+00
-4.960409453036515259e+00 -6.283185307179586232e+00
-4.299021525964979773e+00 -6.283185307179586232e+00
-3.637633598893444731e+00 -6.283185307179586232e+00
-2.976245671821909244e+00 -6.283185307179586232e+00
-2.314857744750374202e+00 -6.283185307179586232e+00
-1.653469817678838716e+00 -6.283185307179586232e+00
-9.920818906073032295e-01 -6.283185307179586232e+00
-3.306939635357677432e-01 -6.283185307179586232e+00
3.306939635357677432e-01 -6.283185307179586232e+00
9.920818906073032295e-01 -6.283185307179586232e+00
1.653469817678837828e+00 -6.283185307179586232e+00
2.314857744750373314e+00 -6.283185307179586232e+00
2.976245671821908800e+00 -6.283185307179586232e+00
3.637633598893444287e+00 -6.283185307179586232e+00
4.299021525964979773e+00 -6.283185307179586232e+00
4.960409453036515259e+00 -6.283185307179586232e+00
5.621797380108050746e+00 -6.283185307179586232e+00
6.283185307179586232e+00 -6.283185307179586232e+00
-6.283185307179586232e+00 -5.621797380108050746e+00
-5.621797380108050746e+00 -5.621797380108050746e+00
-4.960409453036515259e+00 -5.621797380108050746e+00
-4.299021525964979773e+00 -5.621797380108050746e+00
-3.637633598893444731e+00 -5.621797380108050746e+00
-2.976245671821909244e+00 -5.621797380108050746e+00
-2.314857744750374202e+00 -5.621797380108050746e+00
-1.653469817678838716e+00 -5.621797380108050746e+00
-9.920818906073032295e-01 -5.621797380108050746e+00
-3.306939635357677432e-01 -5.621797380108050746e+00
3.306939635357677432e-01 -5.621797380108050746e+00
9.920818906073032295e-01 -5.621797380108050746e+00
1.653469817678837828e+00 -5.621797380108050746e+00
2.314857744750373314e+00 -5.621797380108050746e+00
2.976245671821908800e+00 -5.621797380108050746e+00
3.637633598893444287e+00 -5.621797380108050746e+00
4.299021525964979773e+00 -5.621797380108050746e+00
4.960409453036515259e+00 -5.621797380108050746e+00
5.621797380108050746e+00 -5.621797380108050746e+00
6.283185307179586232e+00 -5.621797380108050746e+00
-6.283185307179586232e+00 -4.960409453036515259e+00
-5.621797380108050746e+00 -4.960409453036515259e+00
-4.960409453036515259e+00 -4.960409453036515259e+00
-4.299021525964979773e+00 -4.960409453036515259e+00
-3.637633598893444731e+00 -4.960409453036515259e+00
-2.976245671821909244e+00 -4.960409453036515259e+00
-2.314857744750374202e+00 -4.960409453036515259e+00
-1.653469817678838716e+00 -4.960409453036515259e+00
-9.920818906073032295e-01 -4.960409453036515259e+00
-3.306939635357677432e-01 -4.960409453036515259e+00
3.306939635357677432e-01 -4.960409453036515259e+00
9.920818906073032295e-01 -4.960409453036515259e+00
1.653469817678837828e+00 -4.960409453036515259e+00
2.314857744750373314e+00 -4.960409453036515259e+00
2.976245671821908800e+00 -4.960409453036515259e+00
3.637633598893444287e+00 -4.960409453036515259e+00
4.299021525964979773e+00 -4.960409453036515259e+00
4.960409453036515259e+00 -4.960409453036515259e+00
5.621797380108050746e+00 -4.960409453036515259e+00
6.283185307179586232e+00 -4.960409453036515259e+00
-6.283185307179586232e+00 -4.299021525964979773e+00
-5.621797380108050746e+00 -4.299021525964979773e+00
-4.960409453036515259e+00 -4.299021525964979773e+00
-4.299021525964979773e+00 -4.299021525964979773e+00
-3.637633598893444731e+00 -4.299021525964979773e+00
-2.976245671821909244e+00 -4.299021525964979773e+00
-2.314857744750374202e+00 -4.299021525964979773e+00
-1.653469817678838716e+00 -4.299021525964979773e+00
-9.920818906073032295e-01 -4.299021525964979773e+00
-3.306939635357677432e-01 -4.299021525964979773e+00
3.306939635357677432e-01 -4.299021525964979773e+00
9.920818906073032295e-01 -4.299021525964979773e+00
1.653469817678837828e+00 -4.299021525964979773e+00
2.314857744750373314e+00 -4.299021525964979773e+00
2.976245671821908800e+00 -4.299021525964979773e+00
3.637633598893444287e+00 -4.299021525964979773e+00
4.299021525964979773e+00 -4.299021525964979773e+00
4.960409453036515259e+00 -4.299021525964979773e+00
5.621797380108050746e+00 -4.299021525964979773e+00
6.283185307179586232e+00 -4.299021525964979773e+00
-6.283185307179586232e+00 -3.637633598893444731e+00
-5.621797380108050746e+00 -3.637633598893444731e+00
-4.960409453036515259e+00 -3.637633598893444731e+00
-4.299021525964979773e+00 -3.637633598893444731e+00
-3.637633598893444731e+00 -3.637633598893444731e+00
-2.976245671821909244e+00 -3.637633598893444731e+00
-2.314857744750374202e+00 -3.637633598893444731e+00
-1.653469817678838716e+00 -3.637633598893444731e+00
-9.920818906073032295e-01 -3.637633598893444731e+00
-3.306939635357677432e-01 -3.637633598893444731e+00
3.306939635357677432e-01 -3.637633598893444731e+00
9.920818906073032295e-01 -3.637633598893444731e+00
1.653469817678837828e+00 -3.637633598893444731e+00
2.314857744750373314e+00 -3.637633598893444731e+00
2.976245671821908800e+00 -3.637633598893444731e+00
3.637633598893444287e+00 -3.637633598893444731e+00
4.299021525964979773e+00 -3.637633598893444731e+00
4.960409453036515259e+00 -3.637633598893444731e+00
5.621797380108050746e+00 -3.637633598893444731e+00
6.283185307179586232e+00 -3.637633598893444731e+00
-6.283185307179586232e+00 -2.976245671821909244e+00
-5.621797380108050746e+00 -2.976245671821909244e+00
-4.960409453036515259e+00 -2.976245671821909244e+00
-4.299021525964979773e+00 -2.976245671821909244e+00
-3.637633598893444731e+00 -2.976245671821909244e+00
-2.976245671821909244e+00 -2.976245671821909244e+00
-2.314857744750374202e+00 -2.976245671821909244e+00
-1.653469817678838716e+00 -2.976245671821909244e+00
-9.920818906073032295e-01 -2.976245671821909244e+00
-3.306939635357677432e-01 -2.976245671821909244e+00
3.306939635357677432e-01 -2.976245671821909244e+00
9.920818906073032295e-01 -2.976245671821909244e+00
1.653469817678837828e+00 -2.976245671821909244e+00
2.314857744750373314e+00 -2.976245671821909244e+00
2.976245671821908800e+00 -2.976245671821909244e+00
3.637633598893444287e+00 -2.976245671821909244e+00
4.299021525964979773e+00 -2.976245671821909244e+00
4.960409453036515259e+00 -2.976245671821909244e+00
5.621797380108050746e+00 -2.976245671821909244e+00
6.283185307179586232e+00 -2.976245671821909244e+00
-6.283185307179586232e+00 -2.314857744750374202e+00
-5.621797380108050746e+00 -2.314857744750374202e+00
-4.960409453036515259e+00 -2.314857744750374202e+00
-4.299021525964979773e+00 -2.314857744750374202e+00
-3.637633598893444731e+00 -2.314857744750374202e+00
-2.976245671821909244e+00 -2.314857744750374202e+00
-2.314857744750374202e+00 -2.314857744750374202e+00
-1.653469817678838716e+00 -2.314857744750374202e+00
-9.920818906073032295e-01 -2.314857744750374202e+00
-3.306939635357677432e-01 -2.314857744750374202e+00
3.306939635357677432e-01 -2.314857744750374202e+00
9.920818906073032295e-01 -2.314857744750374202e+00
1.653469817678837828e+00 -2.314857744750374202e+00
2.314857744750373314e+00 -2.314857744750374202e+00
2.976245671821908800e+00 -2.314857744750374202e+00
3.637633598893444287e+00 -2.314857744750374202e+00
4.299021525964979773e+00 -2.314857744750374202e+00
4.960409453036515259e+00 -2.314857744750374202e+00
5.621797380108050746e+00 -2.314857744750374202e+00
6.283185307179586232e+00 -2.314857744750374202e+00
-6.283185307179586232e+00 -1.653469817678838716e+00
-5.621797380108050746e+00 -1.653469817678838716e+00
-4.960409453036515259e+00 -1.653469817678838716e+00
-4.299021525964979773e+00 -1.653469817678838716e+00
-3.637633598893444731e+00 -1.653469817678838716e+00
-2.976245671821909244e+00 -1.653469817678838716e+00
-2.314857744750374202e+00 -1.653469817678838716e+00
-1.653469817678838716e+00 -1.653469817678838716e+00
-9.920818906073032295e-01 -1.653469817678838716e+00
-3.306939635357677432e-01 -1.653469817678838716e+00
3.306939635357677432e-01 -1.653469817678838716e+00
9.920818906073032295e-01 -1.653469817678838716e+00
1.653469817678837828e+00 -1.653469817678838716e+00
2.314857744750373314e+00 -1.653469817678838716e+00
2.976245671821908800e+00 -1.653469817678838716e+00
3.637633598893444287e+00 -1.653469817678838716e+00
4.299021525964979773e+00 -1.653469817678838716e+00
4.960409453036515259e+00 -1.653469817678838716e+00
5.621797380108050746e+00 -1.653469817678838716e+00
6.283185307179586232e+00 -1.653469817678838716e+00
-6.283185307179586232e+00 -9.920818906073032295e-01
-5.621797380108050746e+00 -9.920818906073032295e-01
-4.960409453036515259e+00 -9.920818906073032295e-01
-4.299021525964979773e+00 -9.920818906073032295e-01
-3.637633598893444731e+00 -9.920818906073032295e-01
-2.976245671821909244e+00 -9.920818906073032295e-01
-2.314857744750374202e+00 -9.920818906073032295e-01
-1.653469817678838716e+00 -9.920818906073032295e-01
-9.920818906073032295e-01 -9.920818906073032295e-01
-3.306939635357677432e-01 -9.920818906073032295e-01
3.306939635357677432e-01 -9.920818906073032295e-01
9.920818906073032295e-01 -9.920818906073032295e-01
1.653469817678837828e+00 -9.920818906073032295e-01
2.314857744750373314e+00 -9.920818906073032295e-01
2.976245671821908800e+00 -9.920818906073032295e-01
3.637633598893444287e+00 -9.920818906073032295e-01
4.299021525964979773e+00 -9.920818906073032295e-01
4.960409453036515259e+00 -9.920818906073032295e-01
5.621797380108050746e+00 -9.920818906073032295e-01
6.283185307179586232e+00 -9.920818906073032295e-01
-6.283185307179586232e+00 -3.306939635357677432e-01
-5.621797380108050746e+00 -3.306939635357677432e-01
-4.960409453036515259e+00 -3.306939635357677432e-01
-4.299021525964979773e+00 -3.306939635357677432e-01
-3.637633598893444731e+00 -3.306939635357677432e-01
-2.976245671821909244e+00 -3.306939635357677432e-01
-2.314857744750374202e+00 -3.306939635357677432e-01
-1.653469817678838716e+00 -3.306939635357677432e-01
-9.920818906073032295e-01 -3.306939635357677432e-01
-3.306939635357677432e-01 -3.306939635357677432e-01
3.306939635357677432e-01 -3.306939635357677432e-01
9.920818906073032295e-01 -3.306939635357677432e-01
1.653469817678837828e+00 -3.306939635357677432e-01
2.314857744750373314e+00 -3.306939635357677432e-01
2.976245671821908800e+00 -3.306939635357677432e-01
3.637633598893444287e+00 -3.306939635357677432e-01
4.299021525964979773e+00 -3.306939635357677432e-01
4.960409453036515259e+00 -3.306939635357677432e-01
5.621797380108050746e+00 -3.306939635357677432e-01
6.283185307179586232e+00 -3.306939635357677432e-01
-6.283185307179586232e+00 3.306939635357677432e-01
-5.621797380108050746e+00 3.306939635357677432e-01
-4.960409453036515259e+00 3.306939635357677432e-01
-4.299021525964979773e+00 3.306939635357677432e-01
-3.637633598893444731e+00 3.306939635357677432e-01
-2.976245671821909244e+00 3.306939635357677432e-01
-2.314857744750374202e+00 3.306939635357677432e-01
-1.653469817678838716e+00 3.306939635357677432e-01
-9.920818906073032295e-01 3.306939635357677432e-01
-3.306939635357677432e-01 3.306939635357677432e-01
3.306939635357677432e-01 3.306939635357677432e-01
9.920818906073032295e-01 3.306939635357677432e-01
1.653469817678837828e+00 3.306939635357677432e-01
2.314857744750373314e+00 3.306939635357677432e-01
2.976245671821908800e+00 3.306939635357677432e-01
3.637633598893444287e+00 3.306939635357677432e-01
4.299021525964979773e+00 3.306939635357677432e-01
4.960409453036515259e+00 3.306939635357677432e-01
5.621797380108050746e+00 3.306939635357677432e-01
6.283185307179586232e+00 3.306939635357677432e-01
-6.283185307179586232e+00 9.920818906073032295e-01
-5.621797380108050746e+00 9.920818906073032295e-01
-4.960409453036515259e+00 9.920818906073032295e-01
-4.299021525964979773e+00 9.920818906073032295e-01
-3.637633598893444731e+00 9.920818906073032295e-01
-2.976245671821909244e+00 9.920818906073032295e-01
-2.314857744750374202e+00 9.920818906073032295e-01
-1.653469817678838716e+00 9.920818906073032295e-01
-9.920818906073032295e-01 9.920818906073032295e-01
-3.306939635357677432e-01 9.920818906073032295e-01
3.306939635357677432e-01 9.920818906073032295e-01
9.920818906073032295e-01 9.920818906073032295e-01
1.653469817678837828e+00 9.920818906073032295e-01
2.314857744750373314e+00 9.920818906073032295e-01
2.976245671821908800e+00 9.920818906073032295e-01
3.637633598893444287e+00 9.920818906073032295e-01
4.299021525964979773e+00 9.920818906073032295e-01
4.960409453036515259e+00 9.920818906073032295e-01
5.621797380108050746e+00 9.920818906073032295e-01
6.283185307179586232e+00 9.920818906073032295e-01
-6.283185307179586232e+00 1.653469817678837828e+00
-5.621797380108050746e+00 1.653469817678837828e+00
-4.960409453036515259e+00 1.653469817678837828e+00
-4.299021525964979773e+00 1.653469817678837828e+00
-3.637633598893444731e+00 1.653469817678837828e+00
-2.976245671821909244e+00 1.653469817678837828e+00
-2.314857744750374202e+00 1.653469817678837828e+00
-1.653469817678838716e+00 1.653469817678837828e+00
-9.920818906073032295e-01 1.653469817678837828e+00
-3.306939635357677432e-01 1.653469817678837828e+00
3.306939635357677432e-01 1.653469817678837828e+00
9.920818906073032295e-01 1.653469817678837828e+00
1.653469817678837828e+00 1.653469817678837828e+00
2.314857744750373314e+00 1.653469817678837828e+00
2.976245671821908800e+00 1.653469817678837828e+00
3.637633598893444287e+00 1.653469817678837828e+00
4.299021525964979773e+00 1.653469817678837828e+00
4.960409453036515259e+00 1.653469817678837828e+00
5.621797380108050746e+00 1.653469817678837828e+00
6.283185307179586232e+00 1.653469817678837828e+00
-6.283185307179586232e+00 2.314857744750373314e+00
-5.621797380108050746e+00 2.314857744750373314e+00
-4.960409453036515259e+00 2.314857744750373314e+00
-4.299021525964979773e+00 2.314857744750373314e+00
-3.637633598893444731e+00 2.314857744750373314e+00
-2.976245671821909244e+00 2.314857744750373314e+00
-2.314857744750374202e+00 2.314857744750373314e+00
-1.653469817678838716e+00 2.314857744750373314e+00
-9.920818906073032295e-01 2.314857744750373314e+00
-3.306939635357677432e-01 2.314857744750373314e+00
3.306939635357677432e-01 2.314857744750373314e+00
9.920818906073032295e-01 2.314857744750373314e+00
1.653469817678837828e+00 2.314857744750373314e+00
2.314857744750373314e+00 2.314857744750373314e+00
2.976245671821908800e+00 2.314857744750373314e+00
3.637633598893444287e+00 2.314857744750373314e+00
4.299021525964979773e+00 2.314857744750373314e+00
4.960409453036515259e+00 2.314857744750373314e+00
5.621797380108050746e+00 2.314857744750373314e+00
6.283185307179586232e+00 2.314857744750373314e+00
-6.283185307179586232e+00 2.976245671821908800e+00
-5.621797380108050746e+00 2.976245671821908800e+00
-4.960409453036515259e+00 2.976245671821908800e+00
-4.299021525964979773e+00 2.976245671821908800e+00
-3.637633598893444731e+00 2.976245671821908800e+00
-2.976245671821909244e+00 2.976245671821908800e+00
-2.314857744750374202e+00 2.976245671821908800e+00
-1.653469817678838716e+00 2.976245671821908800e+00
-9.920818906073032295e-01 2.976245671821908800e+00
-3.306939635357677432e-01 2.976245671821908800e+00
3.306939635357677432e-01 2.976245671821908800e+00
9.920818906073032295e-01 2.976245671821908800e+00
1.653469817678837828e+00 2.976245671821908800e+00
2.314857744750373314e+00 2.976245671821908800e+00
2.976245671821908800e+00 2.976245671821908800e+00
3.637633598893444287e+00 2.976245671821908800e+00
4.299021525964979773e+00 2.976245671821908800e+00
4.960409453036515259e+00 2.976245671821908800e+00
5.621797380108050746e+00 2.976245671821908800e+00
6.283185307179586232e+00 2.976245671821908800e+00
-6.283185307179586232e+00 3.637633598893444287e+00
-5.621797380108050746e+00 3.637633598893444287e+00
-4.960409453036515259e+00 3.637633598893444287e+00
-4.299021525964979773e+00 3.637633598893444287e+00
-3.637633598893444731e+00 3.637633598893444287e+00
-2.976245671821909244e+00 3.637633598893444287e+00
-2.314857744750374202e+00 3.637633598893444287e+00
-1.653469817678838716e+00 3.637633598893444287e+00
-9.920818906073032295e-01 3.637633598893444287e+00
-3.306939635357677432e-01 3.637633598893444287e+00
3.306939635357677432e-01 3.637633598893444287e+00
9.920818906073032295e-01 3.637633598893444287e+00
1.653469817678837828e+00 3.637633598893444287e+00
2.314857744750373314e+00 3.637633598893444287e+00
2.976245671821908800e+00 3.637633598893444287e+00
3.637633598893444287e+00 3.637633598893444287e+00
4.299021525964979773e+00 3.637633598893444287e+00
4.960409453036515259e+00 3.637633598893444287e+00
5.621797380108050746e+00 3.637633598893444287e+00
6.283185307179586232e+00 3.637633598893444287e+00
-6.283185307179586232e+00 4.299021525964979773e+00
-5.621797380108050746e+00 4.299021525964979773e+00
-4.960409453036515259e+00 4.299021525964979773e+00
-4.299021525964979773e+00 4.299021525964979773e+00
-3.637633598893444731e+00 4.299021525964979773e+00
-2.976245671821909244e+00 4.299021525964979773e+00
-2.314857744750374202e+00 4.299021525964979773e+00
-1.653469817678838716e+00 4.299021525964979773e+00
-9.920818906073032295e-01 4.299021525964979773e+00
-3.306939635357677432e-01 4.299021525964979773e+00
3.306939635357677432e-01 4.299021525964979773e+00
9.920818906073032295e-01 4.299021525964979773e+00
1.653469817678837828e+00 4.299021525964979773e+00
2.314857744750373314e+00 4.299021525964979773e+00
2.976245671821908800e+00 4.299021525964979773e+00
3.637633598893444287e+00 4.299021525964979773e+00
4.299021525964979773e+00 4.299021525964979773e+00
4.960409453036515259e+00 4.299021525964979773e+00
5.621797380108050746e+00 4.299021525964979773e+00
6.283185307179586232e+00 4.299021525964979773e+00
-6.283185307179586232e+00 4.960409453036515259e+00
-5.621797380108050746e+00 4.960409453036515259e+00
-4.960409453036515259e+00 4.960409453036515259e+00
-4.299021525964979773e+00 4.960409453036515259e+00
-3.637633598893444731e+00 4.960409453036515259e+00
-2.976245671821909244e+00 4.960409453036515259e+00
-2.314857744750374202e+00 4.960409453036515259e+00
-1.653469817678838716e+00 4.960409453036515259e+00
-9.920818906073032295e-01 4.960409453036515259e+00
-3.306939635357677432e-01 4.960409453036515259e+00
3.306939635357677432e-01 4.960409453036515259e+00
9.920818906073032295e-01 4.960409453036515259e+00
1.653469817678837828e+00 4.960409453036515259e+00
2.314857744750373314e+00 4.960409453036515259e+00
2.976245671821908800e+00 4.960409453036515259e+00
3.637633598893444287e+00 4.960409453036515259e+00
4.299021525964979773e+00 4.960409453036515259e+00
4.960409453036515259e+00 4.960409453036515259e+00
5.621797380108050746e+00 4.960409453036515259e+00
6.283185307179586232e+00 4.960409453036515259e+00
-6.283185307179586232e+00 5.621797380108050746e+00
-5.621797380108050746e+00 5.621797380108050746e+00
-4.960409453036515259e+00 5.621797380108050746e+00
-4.299021525964979773e+00 5.621797380108050746e+00
-3.637633598893444731e+00 5.621797380108050746e+00
-2.976245671821909244e+00 5.621797380108050746e+00
-2.314857744750374202e+00 5.621797380108050746e+00
-1.653469817678838716e+00 5.621797380108050746e+00
-9.920818906073032295e-01 5.621797380108050746e+00
-3.306939635357677432e-01 5.621797380108050746e+00
3.306939635357677432e-01 5.621797380108050746e+00
9.920818906073032295e-01 5.621797380108050746e+00
1.653469817678837828e+00 5.621797380108050746e+00
2.314857744750373314e+00 5.621797380108050746e+00
2.976245671821908800e+00 5.621797380108050746e+00
3.637633598893444287e+00 5.621797380108050746e+00
4.299021525964979773e+00 5.621797380108050746e+00
4.960409453036515259e+00 5.621797380108050746e+00
5.621797380108050746e+00 5.621797380108050746e+00
6.283185307179586232e+00 5.621797380108050746e+00
-6.283185307179586232e+00 6.283185307179586232e+00
-5.621797380108050746e+00 6.283185307179586232e+00
-4.960409453036515259e+00 6.283185307179586232e+00
-4.299021525964979773e+00 6.283185307179586232e+00
-3.637633598893444731e+00 6.283185307179586232e+00
-2.976245671821909244e+00 6.283185307179586232e+00
-2.314857744750374202e+00 6.283185307179586232e+00
-1.653469817678838716e+00 6.283185307179586232e+00
-9.920818906073032295e-01 6.283185307179586232e+00
-3.306939635357677432e-01 6.283185307179586232e+00
3.306939635357677432e-01 6.283185307179586232e+00
9.920818906073032295e-01 6.283185307179586232e+00
1.653469817678837828e+00 6.283185307179586232e+00
2.314857744750373314e+00 6.283185307179586232e+00
2.976245671821908800e+00 6.283185307179586232e+00
3.637633598893444287e+00 6.283185307179586232e+00
4.299021525964979773e+00 6.283185307179586232e+00
4.960409453036515259e+00 6.283185307179586232e+00
5.621797380108050746e+00 6.283185307179586232e+00
6.283185307179586232e+00 6.283185307179586232e+00
