[-4.00000133 -4.00000133 -4.00000133 -4.00000133 -4.00000133 -4.00000133
 -4.00000133 -4.00000133 -4.00000133 -4.00000133 -4.00000133 -4.00000133
 -4.00000133 -4.00000133 -4.00000133 -4.00000133 -4.00000133 -4.00000133
 -4.00000133 -4.00000133 -4.00000133 -4.00000133 -4.00000133 -4.00000133
 -4.00000133 -4.00000133 -4.00000133 -4.00000133 -4.00000133 -4.00000133
 -4.00000133 -4.00000133 -4.00000133 -4.00000133 -4.00000133 -4.00000133
 -4.00000133 -4.00000133 -4.00000133 -4.00000133 -4.00000133 -4.00000133
 -4.00000133 -4.00000133 -4.00000133 -4.00000133 -4.00000133 -4.00000133
 -4.00000133 -4.00000133 -4.00000133 -4.00000133 -4.00000133 -4.00000133
 -4.00000133 -4.00000133 -4.00000133 -4.00000133 -4.00000133 -4.00000133
 -4.00000133 -4.00000133 -4.00000133 -4.00000133 -4.00000133 -4.00000133
 -4.00000133 -4.00000133 -4.00000133 -4.00000133 -4.00000133 -4.00000133
 -4.00000133 -4.00000133 -4.00000133 -4.00000133 -4.00000133 -4.00000133
 -4.00000133 -4.00000133 -4.00000133 -4.00000133 -4.00000133 -4.00000133
 -4.00000133 -4.00000133 -4.00000133 -4.00000133 -4.00000133 -4.00000133
 -4.00000133 -4.00000133 -4.00000133 -4.00000133 -4.00000133 -4.00000133
 -4.00000133 -4.00000133 -4.00000133 -4.00000133]