[ 9.99985295  9.99985573  9.99985851  9.99986129  9.99986408  9.99986686
  9.99986964  9.99987242  9.9998752   9.99987798  9.99988076  9.99988354
  9.99988632  9.9998891   9.99989188  9.99989467  9.99989745  9.99990023
  9.99990301  9.99990579  9.99990857  9.99991135  9.99991413  9.99991691
  9.99991969  9.99992248  9.99992526  9.99992804  9.99993082  9.9999336
  9.99993638  9.99993916  9.99994194  9.99994472  9.9999475   9.99995029
  9.99995307  9.99995585  9.99995863  9.99996141  9.99996419  9.99996697
  9.99996975  9.99997253  9.99997531  9.9999781   9.99998088  9.99998366
  9.99998644  9.99998922  9.999992    9.99999478  9.99999756 10.00000034
 10.00000312 10.00000591 10.00000869 10.00001147 10.00001425 10.00001703
 10.00001981 10.00002259 10.00002537 10.00002815 10.00003093 10.00003372
 10.0000365  10.00003928 10.00004206 10.00004484 10.00004762 10.0000504
 10.00005318 10.00005596 10.00005874 10.00006153 10.00006431 10.00006709
 10.00006987 10.00007265 10.00007543 10.00007821 10.00008099 10.00008377
 10.00008655 10.00008934 10.00009212 10.0000949  10.00009768 10.00010046
 10.00010324 10.00010602 10.0001088  10.00011158 10.00011436 10.00011715
 10.00011993 10.00012271 10.00012549 10.00012827]