[-5.79375000e-06 -5.67787500e-06 -5.56200000e-06 -5.44612500e-06
 -5.33025000e-06 -5.21437500e-06 -5.09850000e-06 -4.98262500e-06
 -4.86675000e-06 -4.75087500e-06 -4.63500000e-06 -4.51912500e-06
 -4.40325000e-06 -4.28737500e-06 -4.17150000e-06 -4.05562500e-06
 -3.93975000e-06 -3.82387500e-06 -3.70800000e-06 -3.59212500e-06
 -3.47625000e-06 -3.36037500e-06 -3.24450000e-06 -3.12862500e-06
 -3.01275000e-06 -2.89687500e-06 -2.78100000e-06 -2.66512500e-06
 -2.54925000e-06 -2.43337500e-06 -2.31750000e-06 -2.20162500e-06
 -2.08575000e-06 -1.96987500e-06 -1.85400000e-06 -1.73812500e-06
 -1.62225000e-06 -1.50637500e-06 -1.39050000e-06 -1.27462500e-06
 -1.15875000e-06 -1.04287500e-06 -9.27000000e-07 -8.11125000e-07
 -6.95250000e-07 -5.79375000e-07 -4.63500000e-07 -3.47625000e-07
 -2.31750000e-07 -1.15875000e-07  5.14588372e-21  1.15875000e-07
  2.31750000e-07  3.47625000e-07  4.63500000e-07  5.79375000e-07
  6.95250000e-07  8.11125000e-07  9.27000000e-07  1.04287500e-06
  1.15875000e-06  1.27462500e-06  1.39050000e-06  1.50637500e-06
  1.62225000e-06  1.73812500e-06  1.85400000e-06  1.96987500e-06
  2.08575000e-06  2.20162500e-06  2.31750000e-06  2.43337500e-06
  2.54925000e-06  2.66512500e-06  2.78100000e-06  2.89687500e-06
  3.01275000e-06  3.12862500e-06  3.24450000e-06  3.36037500e-06
  3.47625000e-06  3.59212500e-06  3.70800000e-06  3.82387500e-06
  3.93975000e-06  4.05562500e-06  4.17150000e-06  4.28737500e-06
  4.40325000e-06  4.51912500e-06  4.63500000e-06  4.75087500e-06
  4.86675000e-06  4.98262500e-06  5.09850000e-06  5.21437500e-06
  5.33025000e-06  5.44612500e-06  5.56200000e-06  5.67787500e-06]