[-5.9999968e-13 -5.9999968e-13 -5.9999968e-13 -5.9999968e-13
 -5.9999968e-13 -5.9999968e-13 -5.9999968e-13 -5.9999968e-13
 -5.9999968e-13 -5.9999968e-13 -5.9999968e-13 -5.9999968e-13
 -5.9999968e-13 -5.9999968e-13 -5.9999968e-13 -5.9999968e-13
 -5.9999968e-13 -5.9999968e-13 -5.9999968e-13 -5.9999968e-13
 -5.9999968e-13 -5.9999968e-13 -5.9999968e-13 -5.9999968e-13
 -5.9999968e-13 -5.9999968e-13 -5.9999968e-13 -5.9999968e-13
 -5.9999968e-13 -5.9999968e-13 -5.9999968e-13 -5.9999968e-13
 -5.9999968e-13 -5.9999968e-13 -5.9999968e-13 -5.9999968e-13
 -5.9999968e-13 -5.9999968e-13 -5.9999968e-13 -5.9999968e-13
 -5.9999968e-13 -5.9999968e-13 -5.9999968e-13 -5.9999968e-13
 -5.9999968e-13 -5.9999968e-13 -5.9999968e-13 -5.9999968e-13
 -5.9999968e-13 -5.9999968e-13 -5.9999968e-13 -5.9999968e-13
 -5.9999968e-13 -5.9999968e-13 -5.9999968e-13 -5.9999968e-13
 -5.9999968e-13 -5.9999968e-13 -5.9999968e-13 -5.9999968e-13
 -5.9999968e-13 -5.9999968e-13 -5.9999968e-13 -5.9999968e-13
 -5.9999968e-13 -5.9999968e-13 -5.9999968e-13 -5.9999968e-13
 -5.9999968e-13 -5.9999968e-13 -5.9999968e-13 -5.9999968e-13
 -5.9999968e-13 -5.9999968e-13 -5.9999968e-13 -5.9999968e-13
 -5.9999968e-13 -5.9999968e-13 -5.9999968e-13 -5.9999968e-13
 -5.9999968e-13 -5.9999968e-13 -5.9999968e-13 -5.9999968e-13
 -5.9999968e-13 -5.9999968e-13 -5.9999968e-13 -5.9999968e-13
 -5.9999968e-13 -5.9999968e-13 -5.9999968e-13 -5.9999968e-13
 -5.9999968e-13 -5.9999968e-13 -5.9999968e-13 -5.9999968e-13
 -5.9999968e-13 -5.9999968e-13 -5.9999968e-13 -5.9999968e-13]