[9.99999667e-13 9.99999667e-13 9.99999667e-13 9.99999667e-13
 9.99999667e-13 9.99999667e-13 9.99999667e-13 9.99999667e-13
 9.99999667e-13 9.99999667e-13 9.99999667e-13 9.99999667e-13
 9.99999667e-13 9.99999667e-13 9.99999667e-13 9.99999667e-13
 9.99999667e-13 9.99999667e-13 9.99999667e-13 9.99999667e-13
 9.99999667e-13 9.99999667e-13 9.99999667e-13 9.99999667e-13
 9.99999667e-13 9.99999667e-13 9.99999667e-13 9.99999667e-13
 9.99999667e-13 9.99999667e-13 9.99999667e-13 9.99999667e-13
 9.99999667e-13 9.99999667e-13 9.99999667e-13 9.99999667e-13
 9.99999667e-13 9.99999667e-13 9.99999667e-13 9.99999667e-13
 9.99999667e-13 9.99999667e-13 9.99999667e-13 9.99999667e-13
 9.99999667e-13 9.99999667e-13 9.99999667e-13 9.99999667e-13
 9.99999667e-13 9.99999667e-13 9.99999667e-13 9.99999667e-13
 9.99999667e-13 9.99999667e-13 9.99999667e-13 9.99999667e-13
 9.99999667e-13 9.99999667e-13 9.99999667e-13 9.99999667e-13
 9.99999667e-13 9.99999667e-13 9.99999667e-13 9.99999667e-13
 9.99999667e-13 9.99999667e-13 9.99999667e-13 9.99999667e-13
 9.99999667e-13 9.99999667e-13 9.99999667e-13 9.99999667e-13
 9.99999667e-13 9.99999667e-13 9.99999667e-13 9.99999667e-13
 9.99999667e-13 9.99999667e-13 9.99999667e-13 9.99999667e-13
 9.99999667e-13 9.99999667e-13 9.99999667e-13 9.99999667e-13
 9.99999667e-13 9.99999667e-13 9.99999667e-13 9.99999667e-13
 9.99999667e-13 9.99999667e-13 9.99999667e-13 9.99999667e-13
 9.99999667e-13 9.99999667e-13 9.99999667e-13 9.99999667e-13
 9.99999667e-13 9.99999667e-13 9.99999667e-13 9.99999667e-13]