[3.28125000e-16 3.34821429e-16 3.41796875e-16 3.49069149e-16
 3.56657609e-16 3.64583333e-16 3.72869318e-16 3.81540698e-16
 3.90625000e-16 4.00152439e-16 4.10156250e-16 4.20673077e-16
 4.31743421e-16 4.43412162e-16 4.55729167e-16 4.68750000e-16
 4.82536765e-16 4.97159091e-16 5.12695313e-16 5.29233871e-16
 5.46875000e-16 5.65732759e-16 5.85937500e-16 6.07638889e-16
 6.31009615e-16 6.56250000e-16 6.83593750e-16 7.13315217e-16
 7.45738636e-16 7.81250000e-16 8.20312500e-16 8.63486842e-16
 9.11458333e-16 9.65073529e-16 1.02539063e-15 1.09375000e-15
 1.17187500e-15 1.26201923e-15 1.36718750e-15 1.49147727e-15
 1.64062500e-15 1.82291667e-15 2.05078125e-15 2.34375000e-15
 2.73437500e-15 3.28125000e-15 4.10156250e-15 5.46875000e-15
 8.20312500e-15 1.64062500e-14 3.69435907e-01 1.64062500e-14
 8.20312500e-15 5.46875000e-15 4.10156250e-15 3.28125000e-15
 2.73437500e-15 2.34375000e-15 2.05078125e-15 1.82291667e-15
 1.64062500e-15 1.49147727e-15 1.36718750e-15 1.26201923e-15
 1.17187500e-15 1.09375000e-15 1.02539062e-15 9.65073529e-16
 9.11458333e-16 8.63486842e-16 8.20312500e-16 7.81250000e-16
 7.45738636e-16 7.13315217e-16 6.83593750e-16 6.56250000e-16
 6.31009615e-16 6.07638889e-16 5.85937500e-16 5.65732759e-16
 5.46875000e-16 5.29233871e-16 5.12695312e-16 4.97159091e-16
 4.82536765e-16 4.68750000e-16 4.55729167e-16 4.43412162e-16
 4.31743421e-16 4.20673077e-16 4.10156250e-16 4.00152439e-16
 3.90625000e-16 3.81540698e-16 3.72869318e-16 3.64583333e-16
 3.56657609e-16 3.49069149e-16 3.41796875e-16 3.34821429e-16]