[0.73469391 0.73469391 0.73469391 0.73469391 0.73469391 0.73469391
 0.73469391 0.73469391 0.73469391 0.73469391 0.73469391 0.73469391
 0.73469391 0.73469391 0.73469391 0.73469391 0.73469391 0.73469391
 0.73469391 0.73469391 0.73469391 0.73469391 0.73469391 0.73469391
 0.73469391 0.73469391 0.73469391 0.73469391 0.73469391 0.73469391
 0.73469391 0.73469391 0.73469391 0.73469391 0.73469391 0.73469391
 0.73469391 0.73469391 0.73469391 0.73469391 0.73469391 0.73469391
 0.73469391 0.73469391 0.73469391 0.73469391 0.73469391 0.73469391
 0.73469391 0.73469391 0.73469391 0.73469391 0.73469391 0.73469391
 0.73469391 0.73469391 0.73469391 0.73469391 0.73469391 0.73469391
 0.73469391 0.73469391 0.73469391 0.73469391 0.73469391 0.73469391
 0.73469391 0.73469391 0.73469391 0.73469391 0.73469391 0.73469391
 0.73469391 0.73469391 0.73469391 0.73469391 0.73469391 0.73469391
 0.73469391 0.73469391 0.73469391 0.73469391 0.73469391 0.73469391
 0.73469391 0.73469391 0.73469391 0.73469391 0.73469391 0.73469391
 0.73469391 0.73469391 0.73469391 0.73469391 0.73469391 0.73469391
 0.73469391 0.73469391 0.73469391 0.73469391]