[-0.45918369 -0.45918369 -0.45918369 -0.45918369 -0.45918369 -0.45918369
 -0.45918369 -0.45918369 -0.45918369 -0.45918369 -0.45918369 -0.45918369
 -0.45918369 -0.45918369 -0.45918369 -0.45918369 -0.45918369 -0.45918369
 -0.45918369 -0.45918369 -0.45918369 -0.45918369 -0.45918369 -0.45918369
 -0.45918369 -0.45918369 -0.45918369 -0.45918369 -0.45918369 -0.45918369
 -0.45918369 -0.45918369 -0.45918369 -0.45918369 -0.45918369 -0.45918369
 -0.45918369 -0.45918369 -0.45918369 -0.45918369 -0.45918369 -0.45918369
 -0.45918369 -0.45918369 -0.45918369 -0.45918369 -0.45918369 -0.45918369
 -0.45918369 -0.45918369 -0.45918369 -0.45918369 -0.45918369 -0.45918369
 -0.45918369 -0.45918369 -0.45918369 -0.45918369 -0.45918369 -0.45918369
 -0.45918369 -0.45918369 -0.45918369 -0.45918369 -0.45918369 -0.45918369
 -0.45918369 -0.45918369 -0.45918369 -0.45918369 -0.45918369 -0.45918369
 -0.45918369 -0.45918369 -0.45918369 -0.45918369 -0.45918369 -0.45918369
 -0.45918369 -0.45918369 -0.45918369 -0.45918369 -0.45918369 -0.45918369
 -0.45918369 -0.45918369 -0.45918369 -0.45918369 -0.45918369 -0.45918369
 -0.45918369 -0.45918369 -0.45918369 -0.45918369 -0.45918369 -0.45918369
 -0.45918369 -0.45918369 -0.45918369 -0.45918369]