[ 1.90925971e-01  1.89243805e-01  1.87528789e-01  1.85779617e-01
  1.83994904e-01  1.82173179e-01  1.80312876e-01  1.78412329e-01
  1.76469764e-01  1.74483283e-01  1.72450861e-01  1.70370328e-01
  1.68239357e-01  1.66055449e-01  1.63815914e-01  1.61517853e-01
  1.59158138e-01  1.56733379e-01  1.54239904e-01  1.51673721e-01
  1.49030482e-01  1.46305437e-01  1.43493388e-01  1.40588629e-01
  1.37584874e-01  1.34475185e-01  1.31251870e-01  1.27906378e-01
  1.24429166e-01  1.20809539e-01  1.17035462e-01  1.13093332e-01
  1.08967696e-01  1.04640909e-01  1.00092714e-01  9.52997161e-02
  9.02347297e-02  8.48659576e-02  7.91559631e-02  7.30603816e-02
  6.65263296e-02  5.94905080e-02  5.18771409e-02  4.35963407e-02
  3.45448436e-02  2.46153289e-02  1.37351366e-02  2.01201049e-03
 -9.66783816e-03 -1.65899604e-02 -5.19274247e-16 -1.65899449e-02
 -9.66778648e-03  2.01210469e-03  1.37352758e-02  2.46155145e-02
  3.45450763e-02  4.35966209e-02  5.18774688e-02  5.94908839e-02
  6.65267537e-02  7.30608538e-02  7.91564836e-02  8.48665265e-02
  9.02353471e-02  9.53003820e-02  1.00093428e-01  1.04641672e-01
  1.08968507e-01  1.13094192e-01  1.17036371e-01  1.20810496e-01
  1.24430172e-01  1.27907433e-01  1.31252973e-01  1.34476337e-01
  1.37586075e-01  1.40589878e-01  1.43494686e-01  1.46306784e-01
  1.49031877e-01  1.51675165e-01  1.54241397e-01  1.56734921e-01
  1.59159728e-01  1.61519492e-01  1.63817601e-01  1.66057185e-01
  1.68241142e-01  1.70372162e-01  1.72452744e-01  1.74485215e-01
  1.76471744e-01  1.78414358e-01  1.80314953e-01  1.82175305e-01
  1.83997079e-01  1.85781841e-01  1.87531061e-01  1.89246126e-01]