[0.24999983 0.24999983 0.24999983 0.24999983 0.24999983 0.24999983
 0.24999983 0.24999983 0.24999983 0.24999983 0.24999983 0.24999983
 0.24999983 0.24999983 0.24999983 0.24999983 0.24999983 0.24999983
 0.24999983 0.24999983 0.24999983 0.24999983 0.24999983 0.24999983
 0.24999983 0.24999983 0.24999983 0.24999983 0.24999983 0.24999983
 0.24999983 0.24999983 0.24999983 0.24999983 0.24999983 0.24999983
 0.24999983 0.24999983 0.24999983 0.24999983 0.24999983 0.24999983
 0.24999983 0.24999983 0.24999983 0.24999983 0.24999983 0.24999983
 0.24999983 0.24999983 0.24999983 0.24999983 0.24999983 0.24999983
 0.24999983 0.24999983 0.24999983 0.24999983 0.24999983 0.24999983
 0.24999983 0.24999983 0.24999983 0.24999983 0.24999983 0.24999983
 0.24999983 0.24999983 0.24999983 0.24999983 0.24999983 0.24999983
 0.24999983 0.24999983 0.24999983 0.24999983 0.24999983 0.24999983
 0.24999983 0.24999983 0.24999983 0.24999983 0.24999983 0.24999983
 0.24999983 0.24999983 0.24999983 0.24999983 0.24999983 0.24999983
 0.24999983 0.24999983 0.24999983 0.24999983 0.24999983 0.24999983
 0.24999983 0.24999983 0.24999983 0.24999983]