[0.85714302 0.85714302 0.85714302 0.85714302 0.85714302 0.85714302
 0.85714302 0.85714302 0.85714302 0.85714302 0.85714302 0.85714302
 0.85714302 0.85714302 0.85714302 0.85714302 0.85714302 0.85714302
 0.85714302 0.85714302 0.85714302 0.85714302 0.85714302 0.85714302
 0.85714302 0.85714302 0.85714302 0.85714302 0.85714302 0.85714302
 0.85714302 0.85714302 0.85714302 0.85714302 0.85714302 0.85714302
 0.85714302 0.85714302 0.85714302 0.85714302 0.85714302 0.85714302
 0.85714302 0.85714302 0.85714302 0.85714302 0.85714302 0.85714302
 0.85714302 0.85714302 0.85714302 0.85714302 0.85714302 0.85714302
 0.85714302 0.85714302 0.85714302 0.85714302 0.85714302 0.85714302
 0.85714302 0.85714302 0.85714302 0.85714302 0.85714302 0.85714302
 0.85714302 0.85714302 0.85714302 0.85714302 0.85714302 0.85714302
 0.85714302 0.85714302 0.85714302 0.85714302 0.85714302 0.85714302
 0.85714302 0.85714302 0.85714302 0.85714302 0.85714302 0.85714302
 0.85714302 0.85714302 0.85714302 0.85714302 0.85714302 0.85714302
 0.85714302 0.85714302 0.85714302 0.85714302 0.85714302 0.85714302
 0.85714302 0.85714302 0.85714302 0.85714302]