[8.74999708e-32 8.74999708e-32 8.74999708e-32 8.74999708e-32
 8.74999708e-32 8.74999708e-32 8.74999708e-32 8.74999708e-32
 8.74999708e-32 8.74999708e-32 8.74999708e-32 8.74999708e-32
 8.74999708e-32 8.74999708e-32 8.74999708e-32 8.74999708e-32
 8.74999708e-32 8.74999708e-32 8.74999708e-32 8.74999708e-32
 8.74999708e-32 8.74999708e-32 8.74999708e-32 8.74999708e-32
 8.74999708e-32 8.74999708e-32 8.74999708e-32 8.74999708e-32
 8.74999708e-32 8.74999708e-32 8.74999708e-32 8.74999708e-32
 8.74999708e-32 8.74999708e-32 8.74999708e-32 8.74999708e-32
 8.74999708e-32 8.74999708e-32 8.74999708e-32 8.74999708e-32
 8.74999708e-32 8.74999708e-32 8.74999708e-32 8.74999708e-32
 8.74999708e-32 8.74999708e-32 8.74999708e-32 8.74999708e-32
 8.74999708e-32 8.74999708e-32 8.74999708e-32 8.74999708e-32
 8.74999708e-32 8.74999708e-32 8.74999708e-32 8.74999708e-32
 8.74999708e-32 8.74999708e-32 8.74999708e-32 8.74999708e-32
 8.74999708e-32 8.74999708e-32 8.74999708e-32 8.74999708e-32
 8.74999708e-32 8.74999708e-32 8.74999708e-32 8.74999708e-32
 8.74999708e-32 8.74999708e-32 8.74999708e-32 8.74999708e-32
 8.74999708e-32 8.74999708e-32 8.74999708e-32 8.74999708e-32
 8.74999708e-32 8.74999708e-32 8.74999708e-32 8.74999708e-32
 8.74999708e-32 8.74999708e-32 8.74999708e-32 8.74999708e-32
 8.74999708e-32 8.74999708e-32 8.74999708e-32 8.74999708e-32
 8.74999708e-32 8.74999708e-32 8.74999708e-32 8.74999708e-32
 8.74999708e-32 8.74999708e-32 8.74999708e-32 8.74999708e-32
 8.74999708e-32 8.74999708e-32 8.74999708e-32 8.74999708e-32]