[2.625e-25 2.625e-25 2.625e-25 2.625e-25 2.625e-25 2.625e-25 2.625e-25
 2.625e-25 2.625e-25 2.625e-25 2.625e-25 2.625e-25 2.625e-25 2.625e-25
 2.625e-25 2.625e-25 2.625e-25 2.625e-25 2.625e-25 2.625e-25 2.625e-25
 2.625e-25 2.625e-25 2.625e-25 2.625e-25 2.625e-25 2.625e-25 2.625e-25
 2.625e-25 2.625e-25 2.625e-25 2.625e-25 2.625e-25 2.625e-25 2.625e-25
 2.625e-25 2.625e-25 2.625e-25 2.625e-25 2.625e-25 2.625e-25 2.625e-25
 2.625e-25 2.625e-25 2.625e-25 2.625e-25 2.625e-25 2.625e-25 2.625e-25
 2.625e-25 2.625e-25 2.625e-25 2.625e-25 2.625e-25 2.625e-25 2.625e-25
 2.625e-25 2.625e-25 2.625e-25 2.625e-25 2.625e-25 2.625e-25 2.625e-25
 2.625e-25 2.625e-25 2.625e-25 2.625e-25 2.625e-25 2.625e-25 2.625e-25
 2.625e-25 2.625e-25 2.625e-25 2.625e-25 2.625e-25 2.625e-25 2.625e-25
 2.625e-25 2.625e-25 2.625e-25 2.625e-25 2.625e-25 2.625e-25 2.625e-25
 2.625e-25 2.625e-25 2.625e-25 2.625e-25 2.625e-25 2.625e-25 2.625e-25
 2.625e-25 2.625e-25 2.625e-25 2.625e-25 2.625e-25 2.625e-25 2.625e-25
 2.625e-25 2.625e-25]