[8.75e-32 8.75e-32 8.75e-32 8.75e-32 8.75e-32 8.75e-32 8.75e-32 8.75e-32
 8.75e-32 8.75e-32 8.75e-32 8.75e-32 8.75e-32 8.75e-32 8.75e-32 8.75e-32
 8.75e-32 8.75e-32 8.75e-32 8.75e-32 8.75e-32 8.75e-32 8.75e-32 8.75e-32
 8.75e-32 8.75e-32 8.75e-32 8.75e-32 8.75e-32 8.75e-32 8.75e-32 8.75e-32
 8.75e-32 8.75e-32 8.75e-32 8.75e-32 8.75e-32 8.75e-32 8.75e-32 8.75e-32
 8.75e-32 8.75e-32 8.75e-32 8.75e-32 8.75e-32 8.75e-32 8.75e-32 8.75e-32
 8.75e-32 8.75e-32 8.75e-32 8.75e-32 8.75e-32 8.75e-32 8.75e-32 8.75e-32
 8.75e-32 8.75e-32 8.75e-32 8.75e-32 8.75e-32 8.75e-32 8.75e-32 8.75e-32
 8.75e-32 8.75e-32 8.75e-32 8.75e-32 8.75e-32 8.75e-32 8.75e-32 8.75e-32
 8.75e-32 8.75e-32 8.75e-32 8.75e-32 8.75e-32 8.75e-32 8.75e-32 8.75e-32
 8.75e-32 8.75e-32 8.75e-32 8.75e-32 8.75e-32 8.75e-32 8.75e-32 8.75e-32
 8.75e-32 8.75e-32 8.75e-32 8.75e-32 8.75e-32 8.75e-32 8.75e-32 8.75e-32
 8.75e-32 8.75e-32 8.75e-32 8.75e-32]