[2.625e-31 2.625e-31 2.625e-31 2.625e-31 2.625e-31 2.625e-31 2.625e-31
 2.625e-31 2.625e-31 2.625e-31 2.625e-31 2.625e-31 2.625e-31 2.625e-31
 2.625e-31 2.625e-31 2.625e-31 2.625e-31 2.625e-31 2.625e-31 2.625e-31
 2.625e-31 2.625e-31 2.625e-31 2.625e-31 2.625e-31 2.625e-31 2.625e-31
 2.625e-31 2.625e-31 2.625e-31 2.625e-31 2.625e-31 2.625e-31 2.625e-31
 2.625e-31 2.625e-31 2.625e-31 2.625e-31 2.625e-31 2.625e-31 2.625e-31
 2.625e-31 2.625e-31 2.625e-31 2.625e-31 2.625e-31 2.625e-31 2.625e-31
 2.625e-31 2.625e-31 2.625e-31 2.625e-31 2.625e-31 2.625e-31 2.625e-31
 2.625e-31 2.625e-31 2.625e-31 2.625e-31 2.625e-31 2.625e-31 2.625e-31
 2.625e-31 2.625e-31 2.625e-31 2.625e-31 2.625e-31 2.625e-31 2.625e-31
 2.625e-31 2.625e-31 2.625e-31 2.625e-31 2.625e-31 2.625e-31 2.625e-31
 2.625e-31 2.625e-31 2.625e-31 2.625e-31 2.625e-31 2.625e-31 2.625e-31
 2.625e-31 2.625e-31 2.625e-31 2.625e-31 2.625e-31 2.625e-31 2.625e-31
 2.625e-31 2.625e-31 2.625e-31 2.625e-31 2.625e-31 2.625e-31 2.625e-31
 2.625e-31 2.625e-31]